[gd_scene load_steps=5 format=3 uid="uid://b201yqwip1c1e"]

[sub_resource type="StandardMaterial3D" id="StandardMaterial3D_q6vin"]
albedo_color = Color(0.4, 0.270588, 0.176471, 1)

[sub_resource type="ProceduralSkyMaterial" id="ProceduralSkyMaterial_ssyjr"]
sky_horizon_color = Color(0.64625, 0.65575, 0.67075, 1)
ground_horizon_color = Color(0.64625, 0.65575, 0.67075, 1)

[sub_resource type="Sky" id="Sky_2xj8r"]
sky_material = SubResource("ProceduralSkyMaterial_ssyjr")

[sub_resource type="Environment" id="Environment_t8v0j"]
background_mode = 1
background_color = Color(0.07, 0.04074, 0.0238, 1)
sky = SubResource("Sky_2xj8r")
ambient_light_source = 3
tonemap_mode = 2
glow_enabled = true

[node name="Floor" type="CSGBox3D" groups=["Hazard"]]
transform = Transform3D(1, 0, 0, 0, 1, 0, 0, 0, 1, 0, -4, 0)
use_collision = true
size = Vector3(30, 8, 5)
material = SubResource("StandardMaterial3D_q6vin")

[node name="Wall" type="CSGBox3D" parent="."]
transform = Transform3D(0.948556, -0.316609, 0, 0.316609, 0.948556, 0, 0, 0, 1, -15.1686, 5.56708, 0)
size = Vector3(4, 10, 4)
material = SubResource("StandardMaterial3D_q6vin")

[node name="Wall2" type="CSGBox3D" parent="."]
transform = Transform3D(0.866025, 0.5, 0, -0.5, 0.866025, 0, 0, 0, 1, -13.2841, 13.3867, 0)
size = Vector3(4, 10, 4)
material = SubResource("StandardMaterial3D_q6vin")

[node name="Wall6" type="CSGBox3D" parent="."]
transform = Transform3D(0.866025, 0.5, 0, -0.5, 0.866025, 0, 0, 0, 1, -11.7741, 13.3867, -4)
size = Vector3(4, 10, 4)
material = SubResource("StandardMaterial3D_q6vin")

[node name="Wall3" type="CSGBox3D" parent="."]
transform = Transform3D(0.866025, 0.5, 0, -0.5, 0.866025, 0, 0, 0, 1, 15, 4.4372, 0)
size = Vector3(4, 10, 4)
material = SubResource("StandardMaterial3D_q6vin")

[node name="Wall4" type="CSGBox3D" parent="."]
transform = Transform3D(0.832428, -0.554133, 0, 0.554133, 0.832428, 0, 0, 0, 1, 15, 11.4372, 0)
size = Vector3(4, 10, 4)
material = SubResource("StandardMaterial3D_q6vin")

[node name="Wall5" type="CSGBox3D" parent="."]
transform = Transform3D(0.594051, -0.804428, 0, 0.804428, 0.594051, 0, 0, 0, 1, 9, 17.5037, 0)
size = Vector3(4, 10, 4)
material = SubResource("StandardMaterial3D_q6vin")

[node name="Ceiling" type="CSGBox3D" parent="."]
transform = Transform3D(-0.5, 0.866025, 0, -0.866025, -0.5, 0, 0, 0, 1, -10, 18.4372, 0)
size = Vector3(4, 10, 4)
material = SubResource("StandardMaterial3D_q6vin")

[node name="Ceiling2" type="CSGBox3D" parent="."]
transform = Transform3D(-0.258819, 0.965926, 0, -0.965926, -0.258819, 0, 0, 0, 1, -3, 18.4372, 0)
size = Vector3(4, 10, 4)
material = SubResource("StandardMaterial3D_q6vin")

[node name="Ceiling3" type="CSGBox3D" parent="."]
transform = Transform3D(0.707107, 0.707107, 0, -0.707107, 0.707107, 0, 0, 0, 1, 4, 19.4372, 0)
size = Vector3(4, 10, 4)
material = SubResource("StandardMaterial3D_q6vin")

[node name="BackgroundRock" type="CSGBox3D" parent="."]
transform = Transform3D(0.589932, -0.389846, -0.707107, 0.551326, 0.83429, 0, 0.589932, -0.389846, 0.707107, -10.1686, 5.56708, -6)
size = Vector3(4, 10, 4)
material = SubResource("StandardMaterial3D_q6vin")

[node name="BackgroundRock2" type="CSGBox3D" parent="."]
transform = Transform3D(0.589932, -0.389846, -0.707107, 0.551326, 0.83429, 0, 0.589932, -0.389846, 0.707107, 2.83144, 1.56708, -5)
size = Vector3(4, 10, 4)
material = SubResource("StandardMaterial3D_q6vin")

[node name="BackgroundRock3" type="CSGBox3D" parent="."]
transform = Transform3D(0.589932, -0.389846, -0.707107, 0.551326, 0.83429, 0, 0.589932, -0.389846, 0.707107, 5.83144, 5.56708, -6)
size = Vector3(4, 10, 4)
material = SubResource("StandardMaterial3D_q6vin")

[node name="BackgroundRock4" type="CSGBox3D" parent="."]
transform = Transform3D(-0.722516, 0.477462, -0.5, 0.551326, 0.83429, 2.58096e-08, 0.417145, -0.275663, -0.866025, 7.83144, 17.5671, -6)
size = Vector3(4, 10, 4)
material = SubResource("StandardMaterial3D_q6vin")

[node name="BackgroundRock5" type="CSGBox3D" parent="."]
transform = Transform3D(-0.840591, 0.245263, -0.482963, 0.345539, 0.929439, -0.129409, 0.417145, -0.275663, -0.866025, 0.831436, 16.5671, -6)
size = Vector3(4, 10, 4)
material = SubResource("StandardMaterial3D_q6vin")

[node name="BackgroundRock6" type="CSGBox3D" parent="."]
transform = Transform3D(0.589932, -0.389846, -0.707107, 0.551326, 0.83429, 0, 0.589932, -0.389846, 0.707107, -5.16856, 2.56708, -6)
size = Vector3(4, 10, 4)
material = SubResource("StandardMaterial3D_q6vin")

[node name="BackgroundRock7" type="CSGBox3D" parent="."]
transform = Transform3D(0.589932, -0.389846, -0.707107, 0.551326, 0.83429, 0, 0.589932, -0.389846, 0.707107, -1.16856, 0.567078, -6)
size = Vector3(4, 10, 4)
material = SubResource("StandardMaterial3D_q6vin")

[node name="BackgroundRock9" type="CSGBox3D" parent="."]
transform = Transform3D(-0.589932, 0.389846, -0.707107, 0.551326, 0.83429, 0, 0.589932, -0.389846, -0.707107, 11.8314, 3.56708, -5)
size = Vector3(4, 10, 4)
material = SubResource("StandardMaterial3D_q6vin")

[node name="BackgroundRock8" type="CSGBox3D" parent="."]
transform = Transform3D(-0.299421, -0.0214962, -0.953879, 0.345539, 0.929439, -0.12941, 0.889354, -0.36835, -0.270866, -7.16856, 19.5671, -12)
size = Vector3(4, 20, 4)
material = SubResource("StandardMaterial3D_q6vin")

[node name="DirectionalLight3D" type="DirectionalLight3D" parent="."]
transform = Transform3D(0.984808, -0.111619, 0.133022, 0, 0.766044, 0.642788, -0.173648, -0.633022, 0.754407, 0, 0, 0)
light_energy = 0.5
shadow_enabled = true

[node name="WorldEnvironment" type="WorldEnvironment" parent="."]
environment = SubResource("Environment_t8v0j")

[node name="OmniLight3D" type="OmniLight3D" parent="."]
transform = Transform3D(1, 0, 0, 0, 1, 0, 0, 0, 1, 0, 12, -1)
omni_range = 12.0
omni_attenuation = 0.5

[node name="OmniLight3D2" type="OmniLight3D" parent="."]
transform = Transform3D(1, 0, 0, 0, 1, 0, 0, 0, 1, -7, 12, -1)
omni_range = 12.0
omni_attenuation = 0.5

[node name="OmniLight3D3" type="OmniLight3D" parent="."]
transform = Transform3D(1, 0, 0, 0, 1, 0, 0, 0, 1, 7, 12, -1)
omni_range = 12.0
omni_attenuation = 0.5
